8 4294967295 4278190080 4278190080 4294967295 4278190080 4278190080 4294967295 4278190080 4278190080 4278190080 4278190080 4278190080 4278190080 4278190080 4278190080 4294967295 4294967295 4278190080 4294967295 4294967295 4278190080 4278190080 4294967295 4294967295 4278190080 4294967295 4294967295 4278190080 4278190080 4294967295 4294967295 4278190080 4294967295 4294967295 4278190080 4278190080 4278190080 4278190080 4278190080 4278190080 4278190080 4278190080 4294967295 4278190080 4278190080 4294967295 4278190080 4278190080 4294967295 
4 4294967295 4294967295 4294967295 4278190080 4278190080 4294967295 4294967295 4294967295 4294967295 4278190080 4278190080 4278190080 4294967295 4294967295 4294967295 4278190080 4278190080 4294967295 4278190080 4294967295 4294967295 4278190080 4278190080 4294967295 4294967295 4278190080 4294967295 4278190080 4278190080 4278190080 4278190080 4278190080 4278190080 4278190080 4278190080 4278190080 4278190080 4278190080 4278190080 4278190080 4278190080 4278190080 4294967295 4294967295 4294967295 4294967295 4278190080 4294967295 4278190080 
9 4294967295 4278190080 4278190080 4294967295 4294967295 4294967295 4294967295 4278190080 4278190080 4278190080 4278190080 4294967295 4294967295 4278190080 4278190080 4294967295 4294967295 4278190080 4294967295 4294967295 4278190080 4278190080 4294967295 4294967295 4278190080 4294967295 4294967295 4278190080 4278190080 4294967295 4294967295 4278190080 4294967295 4278190080 4278190080 4278190080 4278190080 4278190080 4278190080 4278190080 4278190080 4294967295 4294967295 4278190080 4278190080 4278190080 4278190080 4294967295 4294967295 
6 4294967295 4294967295 4278190080 4278190080 4278190080 4278190080 4294967295 4294967295 4278190080 4278190080 4278190080 4278190080 4278190080 4278190080 4278190080 4278190080 4294967295 4278190080 4294967295 4294967295 4278190080 4278190080 4294967295 4294967295 4278190080 4294967295 4294967295 4278190080 4278190080 4294967295 4294967295 4278190080 4294967295 4294967295 4278190080 4278190080 4294967295 4294967295 4278190080 4278190080 4278190080 4278190080 4294967295 4294967295 4294967295 4294967295 4278190080 4278190080 4294967295 
5 4278190080 4278190080 4278190080 4278190080 4294967295 4278190080 4294967295 4278190080 4278190080 4278190080 4278190080 4294967295 4278190080 4278190080 4278190080 4294967295 4278190080 4294967295 4278190080 4294967295 4278190080 4278190080 4294967295 4278190080 4294967295 4294967295 4294967295 4278190080 4278190080 4294967295 4278190080 4294967295 4294967295 4294967295 4278190080 4278190080 4294967295 4278190080 4278190080 4278190080 4278190080 4278190080 4278190080 4294967295 4294967295 4278190080 4278190080 4278190080 4294967295 
1 4294967295 4294967295 4294967295 4294967295 4294967295 4294967295 4294967295 4294967295 4278190080 4294967295 4294967295 4294967295 4294967295 4278190080 4294967295 4278190080 4294967295 4294967295 4294967295 4294967295 4278190080 4278190080 4278190080 4278190080 4278190080 4278190080 4278190080 4278190080 4278190080 4278190080 4278190080 4278190080 4278190080 4278190080 4278190080 4294967295 4294967295 4294967295 4294967295 4294967295 4294967295 4278190080 4294967295 4294967295 4294967295 4294967295 4278190080 4294967295 4278190080 
3 4294967295 4278190080 4294967295 4294967295 4294967295 4278190080 4294967295 4278190080 4278190080 4294967295 4294967295 4294967295 4278190080 4278190080 4278190080 4294967295 4294967295 4278190080 4294967295 4294967295 4278190080 4278190080 4294967295 4294967295 4278190080 4294967295 4294967295 4278190080 4278190080 4294967295 4294967295 4278190080 4294967295 4294967295 4278190080 4278190080 4278190080 4278190080 4278190080 4278190080 4278190080 4278190080 4294967295 4278190080 4278190080 4294967295 4278190080 4278190080 4294967295 
7 4278190080 4278190080 4294967295 4294967295 4278190080 4294967295 4294967295 4278190080 4278190080 4294967295 4294967295 4294967295 4294967295 4294967295 4278190080 4294967295 4294967295 4294967295 4294967295 4278190080 4278190080 4278190080 4294967295 4294967295 4278190080 4278190080 4278190080 4278190080 4278190080 4294967295 4278190080 4278190080 4278190080 4294967295 4294967295 4278190080 4278190080 4278190080 4294967295 4294967295 4294967295 4294967295 4278190080 4278190080 4294967295 4294967295 4294967295 4294967295 4294967295 
0 4294967295 4278190080 4278190080 4278190080 4278190080 4278190080 4294967295 4278190080 4278190080 4278190080 4278190080 4278190080 4278190080 4278190080 4278190080 4294967295 4294967295 4294967295 4294967295 4294967295 4278190080 4278190080 4294967295 4294967295 4278190080 4294967295 4294967295 4278190080 4278190080 4294967295 4294967295 4294967295 4294967295 4294967295 4278190080 4278190080 4278190080 4278190080 4278190080 4278190080 4278190080 4278190080 4294967295 4278190080 4278190080 4278190080 4278190080 4278190080 4294967295 
2 4294967295 4278190080 4294967295 4294967295 4294967295 4278190080 4278190080 4278190080 4278190080 4294967295 4294967295 4278190080 4278190080 4278190080 4278190080 4294967295 4294967295 4294967295 4278190080 4294967295 4278190080 4278190080 4294967295 4294967295 4278190080 4278190080 4294967295 4278190080 4278190080 4294967295 4294967295 4278190080 4294967295 4294967295 4278190080 4278190080 4278190080 4278190080 4278190080 4294967295 4278190080 4278190080 4294967295 4278190080 4278190080 4294967295 4294967295 4278190080 4278190080 
7 4278190080 4278190080 4294967295 4294967295 4294967295 4294967295 4294967295 4278190080 4278190080 4294967295 4294967295 4294967295 4294967295 4294967295 4278190080 4294967295 4294967295 4294967295 4278190080 4278190080 4278190080 4278190080 4294967295 4294967295 4278190080 4278190080 4278190080 4278190080 4278190080 4294967295 4278190080 4278190080 4278190080 4294967295 4294967295 4278190080 4278190080 4278190080 4294967295 4294967295 4294967295 4294967295 4278190080 4278190080 4294967295 4294967295 4294967295 4294967295 4294967295 
